96
10
72
19
806
30
84
84
84
85
08
12
860
820
34
84
27
86
48
83
48
96
16
72
65
20
06
84
68
64
56
16
68
1583
40
09
03
98
65
80
04
82
98
98
08
04
50
21
06
26
52
86
20
75
28
30
03
580
80
20
12
48
86
45
31
83
84
31
58
58
30
01
25
046
318
56
483
86
85
03
45
85
50
48
380
26
86
15
63
596
49
45
94
20
06
81
40
5386
46
58
28
40
36
02
362
72
82
56
21
84
86
45
48
59
42
68
48
53
10
34
48
04
82
30
21
83
58
58
83
01
80
50
20
50
28
46
40
84
41
48
08
096
465
34
15
98
80
04
47
25
12
28
52
04
83
72
18
68
65
58
12
82
40
84
48
28
85
80
28
15
53
85
08
58
31
06
82
01
84
59
03
36
65
86
12
749
85
42
84
65
84
82
03
86
83
83
63
85
86
80
03
60
43
84
45
82
06
84
84
08
47
30
820
84
08
89
06
64
28
25
85
74
81
48
80
64
03
54
48
28
02
86
76
852
86
48
08
23
17
25
81
03
74
58
82
268
52
14
95
043
98
84
82
85
46
80
20
38
48
49
40
15
852
12
06
53
04
65
03
29
84
39
48
605
61
03
058
85
32
84
71
08
40
62
08
03
06
84
82
04
58
582
08
08
038
58
40
49
48
95
81
85
68
58
64
40
12
64
28
08
80
48
60
54
12
62
08
54
12
48
58
821
40
29
48
51
48
45
80
50
504
86
41
04
869
82
84
56
08
48
05
43
48
82
03
20
72
94
23
60
06
84
69
90
12
034
03
04
68
47
38
82
48
85
08
90
028
21
26
960
18
